1 68137
1 93927
1 39352
1 24340
1 33760
1 26780
1 79185
1 88012
1 61194
1 59568
1 36226
1 49000
1 1019
1 74244
1 52210
1 84279
1 27620
1 52112
1 80335
1 37908
1 68426
1 50988
1 80646
1 10036
1 94334
1 91402
1 68382
1 51159
1 17993
1 95142
1 16955
1 80041
1 62143
1 71946
1 95626
1 3507
1 96773
1 9933
1 43455
1 41645
1 62772
1 29002
1 98833
1 80232
1 64667
1 96111
1 72087
1 99682
1 76854
1 9948
1 96141
1 1498
1 99262
1 83656
1 38240
1 68631
1 47543
1 53528
1 90736
1 92437
1 88131
1 31643
1 26414
1 30925
1 59038
1 62680
1 4693
1 72124
1 21782
1 63862
1 2962
1 61551
1 15214
1 64343
1 70353
1 59005
1 99360
1 66068
1 22280
1 72822
1 13751
1 14733
1 29634
1 1645
1 59501
1 87492
1 5631
1 69171
1 58771
1 37794
1 89901
1 84384
1 40690
1 21401
1 71551
1 56345
1 47586
1 70123
1 28965
1 72575
1 61621
1 90809
1 85978
1 21799
1 24986
1 80458
2 77528
1 69047
1 19028
1 33896
1 6683
1 40645
1 12500
1 56964
1 29238
1 70277
1 19946
1 955
1 81753
1 55540
1 11675
1 14132
1 86684
1 34919
1 46253
1 97296
1 70344
1 6008
1 46349
1 22793
1 45159
1 92163
1 58383
1 91335
1 4049
1 14074
1 48730
1 12971
1 42616
1 72567
1 70082
1 53513
1 56952
1 88115
1 76344
1 24503
1 67229
1 23863
1 59825
1 47321
1 63189
1 72400
1 28000
1 32261
1 14512
1 39942
1 82041
1 31408
1 60671
1 64922
1 26687
1 75974
1 22408
1 75108
1 94075
1 47223
1 36392
1 77820
1 30271
1 91646
1 16098
1 30737
1 45341
1 56460
1 55558
1 83772
1 6786
1 15244
1 93615
1 47172
1 93175
1 92039
1 69831
1 85427
1 35644
1 11082
1 14402
1 98759
1 77983
1 35403
1 30317
1 54215
1 34184
1 63396
1 80630
1 10207
1 78920
1 38222
1 76955
1 26437
1 26005
1 39258
1 64585
1 90424
1 41260
1 33670
1 5023
1 10827
1 18631
1 26253
1 64718
1 40061
1 5314
1 35115
1 18777
1 39434
1 89368
1 51431
1 29277
2 55676
1 8991
1 51011
1 38160
1 36222
1 52791
1 91754
1 98459
1 72371
1 90941
1 11806
1 69248
1 50892
1 57534
1 28981
1 27723
1 2291
1 14667
1 67085
1 96765
1 48854
1 84433
1 25137
1 72812
1 33612
1 31180
1 91210
1 93167
1 60227
1 43864
1 5416
1 62723
1 39839
2 68932
1 7808
1 9353
1 39618
1 60992
1 56876
1 72774
1 37177
1 46548
1 76239
1 71442
1 70417
1 26328
1 65837
1 550
1 543
1 74053
1 93808
1 62173
1 63209
1 56421
1 9258
1 57832
1 56394
1 97405
1 73007
1 22272
1 71070
1 93015
1 19620
1 53839
1 95687
1 15867
2 175756
1 49244
1 30756
1 4684
1 87283
1 72563
1 36729
1 87128
1 66032
1 14334
1 4905
1 39654
1 74984
1 82631
1 11430
1 75635
1 24554
1 45493
1 93967
1 16787
1 89937
1 97649
1 94992
1 59611
1 49975
1 32871
1 27478
1 27253
1 64439
1 37203
1 75687
1 66476
1 47862
1 85288
1 20804
1 13822
1 9916
1 55229
1 40398
1 80788
1 16828
1 36096
1 6922
1 65738
1 50425
1 5629
1 79278
1 39495
1 88116
1 55103
1 96900
1 75514
1 69320
1 55964
1 18388
1 60704
1 22665
1 36633
1 98351
1 70677
1 11660
1 19801
1 15062
1 92756
1 69346
1 10442
1 8214
1 51543
1 33248
1 2700
1 63551
1 18319
1 74346
1 43119
1 58337
1 28645
2 156330
1 55257
1 90139
1 11654
1 15201
1 38999
1 91640
1 82357
1 79390
1 61324
1 1945
1 77937
1 86968
1 87913
1 3921
1 85496
1 85539
1 28144
2 51078
1 53586
1 36565
1 47643
1 55505
1 22062
1 93948
1 81053
1 60112
1 59241
1 60030
1 67590
1 95078
1 54319
1 25309
1 42653
1 92641
1 80940
1 73931
1 82142
1 88541
1 27717
1 68080
1 72673
1 82777
1 1705
1 24389
1 28872
1 42511
1 97254
1 6661
1 1077
1 77076
1 59822
1 11168
1 40902
1 71264
1 96950
1 60327
1 18534
1 19061
1 5352
1 35899
1 84252
1 12838
1 44174
1 19163
1 34289
1 37012
1 65380
1 85892
1 79136
1 79138
1 23429
1 9569
1 2621
1 81543
1 35526
1 61807
1 4270
1 22368
1 58809
1 88785
1 8344
1 49652
1 56328
1 60977
1 74906
1 35847
1 74328
1 46226
1 5695
1 17195
1 66832
1 57655
1 96733
1 87915
1 64671
1 39657
1 15414
1 85321
1 17928
1 62400
1 42485
1 21258
1 12428
1 68908
2 99843
1 37164
1 38319
1 23021
1 76860
1 59170
1 33795
1 20902
1 98830
1 10819
1 70692
1 44342
1 32496
1 44265
1 21568
1 23209
1 23417
1 38659
1 95724
1 41489
1 3590
1 85031
1 66179
1 63537
1 12989
1 49733
1 67175
1 28923
1 3165
1 95064
1 4122
1 48156
1 61498
1 39612
1 6289
1 57599
1 37147
1 40284
1 17407
1 31136
1 63253
1 23176
1 49701
1 93876
1 13353
1 13855
1 10629
1 68464
1 77603
1 61225
1 6662
1 70549
1 93593
1 62334
1 57222
1 87537
1 29797
1 2130
1 41026
1 4053
1 69720
1 84686
1 21966
1 68809
1 22762
1 4647
1 40503
2 97077
1 24982
1 30281
1 9035
1 2384
1 90515
1 34087
1 72674
1 10469
1 16317
1 5547
1 81702
1 13394
1 41387
1 78730
1 68591
1 53555
1 43320
1 90321
1 21027
1 45173
1 89203
1 69708
1 48194
1 74184
1 71027
1 35806
1 96996
1 31877
1 49682
1 82134
1 37866
1 95566
1 94809
1 64187
1 95145
1 38113
1 64608
1 26788
1 57245
1 39458
1 52567
1 18992
2 141805
1 60614
1 32857
1 82023
1 75397
1 41890
1 82756
1 7543
2 63689
1 21581
1 70821
1 35481
1 94333
1 11490
1 48660
1 19951
1 50221
1 2724
1 30985
1 66403
1 17903
1 992
1 52482
1 53177
1 70094
1 80633
1 82549
1 7926
1 58517
1 43181
1 51204
1 16440
1 32264
1 35732
1 51327
1 62959
1 62366
1 59551
1 43570
1 78308
1 42765
1 58105
1 23522
1 13297
1 50635
1 27066
1 65629
1 30227
1 28394
1 86764
1 90529
1 42804
1 32079
1 37576
1 53465
1 5730
1 35842
1 84332
1 87559
1 11412
1 64678
1 96469
1 16543
1 13753
1 26091
1 83748
1 45411
1 71921
1 55232
1 21794
1 32293
1 467
1 20079
1 25300
1 76090
1 86918
1 50107
1 63322
1 75686
1 630
1 76337
1 53344
1 89384
1 16147
1 18517
1 72571
1 50783
1 92772
1 1655
1 31223
1 70806
1 386
1 14363
1 21948
1 57713
1 20555
1 97222
1 6654
1 48019
1 83117
1 17586
1 56231
1 74976
1 35680
1 91913
1 74324
1 95407
1 54482
1 77446
1 15625
1 14427
1 58354
1 82011
2 160436
1 21002
1 48516
1 54868
1 38268
1 6256
1 89476
1 52012
1 9415
1 94249
1 82430
1 48082
1 27766
1 38588
1 26477
1 34580
1 3284
1 67907
1 10769
1 77332
1 33193
1 64776
1 45266
1 66767
1 76510
1 16688
1 87534
1 97396
1 27319
1 16764
1 65492
1 50763
1 56693
1 94126
1 22869
1 81827
1 71963
1 95028
1 6142
1 79951
1 67359
1 37239
1 51741
1 16759
1 98072
1 99866
1 70193
1 70640
1 3944
1 16333
1 47624
1 51818
1 28299
1 43978
1 83885
1 91347
1 66380
2 62521
1 10078
1 49594
1 53752
1 15429
1 63220
1 79800
1 35634
1 72185
1 11426
1 15852
1 18231
1 79899
1 3562
1 15567
1 24243
1 84212
1 13621
1 55448
1 20496
1 27474
1 5741
2 105726
1 75253
1 72586
1 60063
1 47972
1 22617
1 54518
1 61333
1 24506
1 856
1 48337
1 30359
1 19847
1 23133
1 1641
1 78531
1 10780
1 62487
1 30705
1 65753
2 101787
1 44924
1 35760
1 12499
1 73298
1 41994
1 7605
1 25377
2 130305
1 6933
1 27103
1 9084
1 46435
1 8854
1 47332
1 23285
1 92626
1 59192
2 123506
1 74328
1 9715
1 61364
1 19992
1 97161
1 75684
1 60538
1 70943
1 68803
1 85768
1 18147
1 25077
1 67175
1 63939
2 55551
1 30849
1 59085
1 46029
1 44300
1 47410
1 67689
1 34861
1 6428
1 1893
1 22763
1 94422
1 94782
1 92268
1 37987
2 119172
1 71365
1 62503
1 7515
1 76960
1 96590
2 153021
1 96535
1 55435
1 2830
1 42517
1 447
1 81288
1 98126
1 54008
1 58870
1 51374
1 43483
1 82617
2 20235
1 13388
1 59180
1 66233
1 24292
1 68287
1 30160
1 92660
1 91553
1 74972
1 351
1 24411
1 97680
1 80018
1 43138
1 19996
1 65860
1 68782
1 63819
1 21740
1 54141
2 9980
1 98708
1 83344
1 44952
1 83845
1 63983
1 63037
1 53958
1 7701
1 24976
1 84512
1 30632
1 55084
1 69773
1 55273
1 984
1 11341
1 87965
1 53431
1 98693
1 66603
1 63517
1 15496
1 90924
1 51370
1 55745
1 23923
1 92067
1 19818
1 84057
1 53213
1 90933
1 61989
1 94850
1 482
1 6392
1 85163
1 59724
1 2968
1 67046
1 33091
1 1712
1 57321
1 12518
1 95798
1 8749
1 31297
1 69935
1 66010
1 14715
1 69518
1 85756
1 81742
1 71748
1 68722
1 78064
1 34358
1 84847
1 80366
1 46821
1 39165
1 12793
1 45844
1 18233
1 4374
2 49533
1 71154
1 7398
1 19296
3 163291
1 58715
1 99980
1 14892
1 6550
1 25176
1 79923
1 75229
1 68338
1 4919
1 13347
1 6964
1 12827
1 47020
1 93075
1 45461
1 1340
1 21462
1 80291
1 11840
1 91098
1 81885
1 47402
2 45432
1 4748
1 82832
1 79987
1 84605
1 89098
1 35376
2 34994
1 4050
1 4247
1 31517
1 45208
1 14692
1 42598
1 44088
1 80999
1 61453
1 11963
1 21516
1 92050
1 8786
1 12846
1 77307
1 50155
1 77379
1 60484
1 33505
1 79481
1 89826
1 51984
1 63572
1 95470
1 39549
1 37878
1 89571
1 19557
1 23838
1 54548
1 57886
1 67062
1 4354
1 11872
1 79738
1 21836
1 42385
1 75495
1 23541
1 42219
1 3351
1 94792
1 57900
1 10305
1 73396
1 17196
1 13737
1 38191
1 89285
1 38996
1 7896
1 30946
1 31368
1 88709
1 95229
1 90591
1 52713
1 10684
1 25005
1 25572
1 21774
1 93675
1 51027
1 71010
1 59145
1 11628
1 48096
1 53346
2 151301
1 87129
1 78354
1 67667
2 58246
1 62133
1 40330
1 5309
1 35011
1 42515
2 73223
1 77942
1 73475
1 24387
1 57824
1 97849
2 107375
1 31920
1 49851
1 13138
1 38779
1 34577
1 74835
1 3302
1 9772
1 36056
1 69000
1 35281
2 144143
1 84769
1 66186
1 12308
1 43102
1 67925
1 47493
1 4091
1 14681
1 83394
1 28353
2 50103
1 32257
1 19540
1 25381
1 14492
1 87170
1 72718
1 4569
1 97032
1 28906
1 69928
1 86993
1 92307
1 39366
1 94832
1 53310
1 6434
1 85527
1 19816
1 96113
1 15147
2 98719
1 72153
1 16851
1 59904
1 89849
1 65880
1 70825
1 88960
1 47533
1 58741
1 40281
1 43457
1 99788
1 79156
1 35929
1 7198
1 28611
1 91020
1 21526
1 61160
1 88653
1 56786
1 93489
1 88244
1 15760
1 30325
2 41852
1 81468
2 170259
1 27763
1 76244
1 75999
1 78659
1 49241
1 66942
1 94561
1 39168
1 53823
1 75165
1 32254
1 50464
1 2513
1 22519
1 80771
1 87724
1 53686
1 574
1 3476
1 63541
1 42233
1 60185
1 19132
1 67637
1 50677
1 80163
1 41073
1 4620
1 37896
1 11373
1 71501
1 81787
1 78449
1 5186
1 76173
1 89129
1 98357
1 54237
1 17539
1 44150
1 29748
1 72218
1 67277
1 48268
1 18968
1 96574
1 32216
1 94966
1 96493
1 72713
1 93090
1 24708
1 8112
1 68703
1 70744
1 8701
1 52140
1 87233
2 89377
1 11268
1 14866
1 17572
1 9532
1 10043
1 49117
1 38752
1 7105
1 85671
1 97669
1 13271
1 29858
1 64920
1 40748
1 69010
1 29123
1 56422
1 70278
1 16709
1 80507
1 32436
1 61031
1 95095
1 683
1 55577
1 29022
1 11009
1 54791
1 92803
1 10646
1 99197
1 73244
1 55200
2 98890
1 95615
1 94553
1 66731
1 84217
1 38613
1 1043
1 15530
1 71628
1 60543
1 57603
1 70596
1 74860
1 39767
1 51650
1 27564
1 74964
1 40206
1 95573
1 39075
1 14367
1 2953
1 7730
1 27807
1 28645
1 77966
1 38527
1 78645
1 25998
1 74864
1 58873
1 28797
1 25943
1 34864
1 41696
1 80836
1 80559
1 73760
1 95558
1 19395
1 6313
1 31710
1 10681
1 68009
1 1720
1 13146
1 38949
1 76349
1 28974
1 2930
1 69156
1 25255
1 56812
2 88466
1 7513
1 18957
1 21830
1 34342
1 47782
1 90965
1 98457
1 59464
1 98570
1 55880
2 115781
1 99366
1 53362
1 53194
1 11745
1 40696
1 95203
1 86016
1 93899
1 51660
1 3926
1 8287
1 30958
1 4371
1 35773
1 6651
1 55773
1 3479
1 4648
1 45615
1 8062
1 1576
1 55036
1 1459
2 174992
1 97395
1 92954
1 38356
1 32715
1 51527
1 95068
1 15086
1 68829
1 86543
1 12938
1 67473
1 65736
1 89142
1 84379
1 93596
2 137085
1 43996
1 80078
1 97325
1 10002
1 2682
1 55960
1 2402
1 79014
1 14807
1 98057
1 10423
1 39715
1 66187
1 61552
2 128547
1 82380
2 130508
1 47789
1 28436
1 66024
1 79272
1 23286
1 39025
1 71359
1 8830
1 28715
1 4779
1 70264
2 100214
1 89463
1 2131
1 51801
1 20160
1 6030
1 1117
1 8970
1 46542
1 18164
2 12128
1 25427
1 61637
1 34859
1 97976
1 13445
2 55566
1 98756
1 22833
1 4481
1 2635
1 25223
1 45237
1 74806
1 42098
1 29480
1 13737
1 22605
1 59093
1 23792
1 41093
1 50424
1 13968
2 161808
1 30129
1 54711
1 60385
1 18908
1 86235
1 97427
1 30791
1 40161
1 41089
1 4326
1 75011
1 26764
1 87030
1 75051
1 27383
1 57595
1 14564
1 86873
1 17231
1 64171
1 17002
1 6055
1 84222
1 99865
1 74551
1 51271
1 39989
1 26644
1 38954
1 66174
1 40051
1 36805
1 58915
1 7024
2 91913
1 27911
1 74498
2 130399
1 58488
1 55647
1 11402
1 43027
1 72725
1 9829
1 38017
1 81974
1 72476
1 91788
1 22897
2 74434
1 98069
1 29717
1 71380
1 93497
1 31138
1 43389
2 18298
1 32897
1 94340
1 24469
1 9028
1 80321
1 96887
1 33401
1 14073
1 18390
1 43273
1 63307
1 72784
1 24012
2 74639
1 42911
1 23121
1 92937
1 80736
1 91037
1 88927
1 28887
1 23322
1 44346
1 13564
1 56078
1 10367
1 5735
1 70213
1 60316
1 63810
1 76230
2 109499
1 30398
1 96479
1 60121
1 85503
1 70484
1 80793
1 97634
1 60576
2 59879
1 70937
1 79611
1 64429
1 60218
1 64173
1 14746
1 18169
1 15705
1 71223
2 105349
1 31466
1 93366
1 73016
1 26213
1 61413
1 29111
1 18905
1 22564
1 77243
1 22417
1 5880
1 89426
1 55834
1 9522
1 45388
1 15805
1 34200
1 4327
1 75614
1 68366
1 70247
1 52419
1 83476
1 35197
1 40617
1 26913
1 16606
1 87446
1 65522
1 826
1 23725
1 25950
1 95475
1 46258
1 94090
2 118861
1 79505
1 61605
1 85739
1 68373
1 46593
1 75415
1 69441
1 63490
1 65658
1 52909
1 45206
1 44685
1 41557
1 55458
1 94244
1 46487
1 96263
1 33808
1 59084
1 20888
1 17520
1 16905
1 74820
1 31962
1 42271
1 43256
1 40463
1 15871
1 99614
1 50010
1 49373
1 63138
1 78720
1 68470
1 16538
1 85644
1 86596
1 88484
1 66329
1 34807
1 80901
1 59548
1 7450
1 4456
1 24336
1 79635
1 87748
1 51466
1 80337
1 12503
1 51113
1 72841
1 69830
1 65888
1 49285
1 92412
1 80607
1 82619
1 8286
1 97998
1 74759
1 16221
1 16693
1 29843
1 45885
1 65225
1 64176
1 73022
1 80322
1 18009
1 48649
1 85673
1 44567
1 14866
1 87292
1 18279
1 64653
1 81089
1 97520
1 6653
1 11728
1 70674
2 110428
1 11937
1 82166
1 45226
1 6904
1 57716
1 11323
1 90583
1 78429
1 93212
1 42379
1 13426
1 35323
1 5743
1 99777
2 45994
1 42927
1 10250
1 44346
1 59646
1 86849
1 61953
1 63132
1 77974
1 59370
1 78183
1 32053
1 36881
1 72824
1 2671
1 24532
1 36057
1 93127
1 94682
1 11722
1 72180
1 86010
1 91406
1 49342
1 57443
1 97953
1 45934
1 91021
1 3307
1 15689
1 84191
2 134081
1 18842
1 37483
1 33113
1 65805
1 25398
1 12629
1 79688
1 16671
1 7153
1 8632
1 15511
1 44892
1 87281
1 12426
1 78074
2 156666
1 20915
1 54428
1 17771
1 14326
1 39620
1 25617
1 31461
2 75621
1 55836
1 92700
1 70338
1 95501
1 97031
1 5305
2 71210
1 97070
1 87678
1 80534
1 40207
1 12539
1 88015
1 69952
1 13507
1 98818
1 7529
1 93524
1 49846
1 86720
1 31288
1 2450
1 60162
1 79386
1 92391
1 78824
1 58548
1 82883
1 49365
1 49189
1 88162
1 76091
1 25803
2 188430
1 80250
1 47946
1 75317
1 44789
1 24085
2 66861
1 99598
1 40161
1 93325
1 2796
1 82893
1 67772
1 38457
1 1197
1 15932
1 96803
1 41053
1 16133
1 12100
1 37011
1 85451
1 18314
1 66558
1 31577
1 17878
1 33270
1 27931
1 10956
1 57944
1 832
1 76144
1 53610
1 14315
1 46189
1 29334
1 1819
1 99362
1 4003
1 86457
1 12938
1 5267
1 9628
1 89645
1 29270
1 4157
1 75300
1 3889
1 95067
1 97047
1 51632
1 40196
1 46701
1 37413
1 72977
3 62360
1 51440
1 7777
1 47650
1 85551
1 1155
1 73323
1 32477
1 75020
1 13732
1 47237
1 64978
1 39356
1 27498
1 82538
1 98756
1 28695
1 91975
1 20321
2 84364
1 86318
1 18205
1 77509
1 70485
1 93925
1 5601
1 96897
1 66347
1 45804
1 88595
1 57844
1 39868
1 70218
1 7149
1 53079
1 81987
2 181351
1 35118
1 42618
1 58876
1 10906
2 125292
1 14566
1 60819
1 92223
1 99913
1 99675
2 37736
1 90211
1 12846
2 115590
1 31621
1 71286
1 33522
1 15482
1 72228
1 66394
1 30084
1 87793
1 42289
1 89751
3 163775
1 74963
2 100933
1 28096
1 19257
1 36080
1 17998
1 85659
1 78203
1 28152
1 97401
1 12757
1 55905
1 24735
1 29480
1 48251
1 87127
1 47110
2 190878
1 84726
1 85297
1 13317
1 10543
1 65448
1 69403
1 72929
1 25760
1 98114
1 58640
1 54291
1 34292
1 50880
1 46566
1 8862
1 76191
2 69743
1 45366
1 83365
1 96382
1 51702
1 54567
1 24054
1 50038
1 3069
1 42702
1 24149
1 68510
1 5464
2 125292
1 36866
2 76768
1 12607
1 3275
1 20245
1 7601
1 88320
1 66083
1 5634
1 20544
1 82378
2 114967
1 55132
1 84377
1 19736
1 7095
1 76056
1 14723
1 79129
1 79544
1 8057
1 79748
1 85814
1 53423
1 13571
1 55810
1 95666
1 16512
1 44184
1 54594
1 49721
1 59609
1 5358
1 16048
1 75652
1 84768
1 29429
1 6961
1 62101
1 65051
1 57012
1 281
1 29098
1 32278
2 48961
2 105874
2 76223
1 41902
1 32168
1 26136
1 66867
1 74584
1 16624
1 75380
1 43768
1 33582
1 55245
1 74271
1 25388
1 18749
1 9875
1 36934
1 93190
1 12905
1 86831
1 47381
1 10345
1 73785
1 31205
1 67851
1 14573
1 28678
1 51906
1 98309
1 23613
1 71627
1 2303
1 93901
1 89277
1 11273
1 77499
1 4659
1 9911
1 62375
1 38077
1 67333
1 42962
1 50073
1 66125
1 6216
1 91295
1 26054
1 14564
1 15943
1 72502
2 160004
2 163268
1 46822
1 44621
1 3455
1 62037
1 51289
1 87948
1 68518
1 96178
1 52855
1 54771
1 64189
1 14620
1 64006
1 42373
1 68404
1 91204
1 34128
1 79668
1 29752
1 7387
1 40835
1 56192
1 67170
1 82644
1 18717
1 51700
1 55596
1 52266
1 29394
1 13897
1 59562
1 92742
1 89455
1 7287
1 15976
1 63813
1 10801
1 14701
1 86647
1 52627
1 2965
3 180520
1 80193
1 61088
1 6453
1 30041
1 89580
1 69338
1 5210
1 71302
1 75536
1 63457
2 23500
1 17761
1 26808
1 68601
1 75863
1 72549
1 57518
1 3893
1 31446
2 177428
1 62887
1 11701
2 70194
2 114514
1 33176
1 67731
1 92343
1 19024
1 2033
1 89161
1 11793
1 47942
1 14447
1 31095
1 10908
1 91051
1 42296
1 8536
2 118707
1 30844
1 26638
1 53286
1 85934
1 66124
1 76010
1 43224
1 50047
1 26068
1 10464
1 93753
1 28243
1 82976
1 52675
1 19622
1 7010
1 36357
1 55078
1 31708
1 37120
1 66994
1 50611
1 2159
1 20544
1 88091
1 13436
1 53504
1 84545
1 66592
1 54083
1 78320
1 67455
2 104460
1 90921
1 10598
2 123282
1 6433
1 10234
1 27688
1 58200
1 25943
1 62628
1 88327
1 72319
1 58569
1 64126
1 18192
1 73717
1 91608
1 45888
1 37087
1 7977
1 6074
1 10055
1 80925
1 18370
1 96791
1 16845
1 72357
1 32623
1 80940
1 49446
1 20393
1 73007
1 84231
1 72183
1 45397
2 149125
1 22849
1 92396
1 4564
1 30172
1 32370
1 5456
1 5773
1 63794
1 60215
1 68610
1 51446
1 67411
1 49290
1 34145
1 40242
1 14426
1 52833
2 83622
1 39805
1 63175
1 14790
1 85648
1 31842
1 87305
1 52140
1 97960
1 85690
1 21798
1 40427
2 137652
1 17846
1 88730
1 57367
1 75552
1 13812
1 67197
1 1506
1 97477
2 83435
1 59102
1 3994
1 95624
1 46609
1 62334
1 37264
1 33925
1 48798
1 75339
1 75274
1 55395
1 61129
2 91281
1 81133
1 61726
1 59775
1 86368
1 89587
1 4920
1 8288
1 49899
1 64967
1 30695
1 58150
1 57748
1 60969
1 73685
1 26212
1 39478
1 50666
1 69424
1 19205
2 66318
1 3702
1 64094
1 45294
1 24089
1 14632
1 54509
1 19650
1 41710
1 66073
1 34290
1 96599
1 60317
1 38602
1 38090
1 55796
1 85887
1 56799
1 51144
1 25863
1 79434
1 23516
1 18383
2 112312
1 19514
1 36346
1 30422
1 51308
1 35393
1 79837
1 80122
1 95530
1 78421
1 50848
1 56074
1 62572
1 17683
2 144532
2 30190
1 87904
1 99727
1 20048
2 75423
1 86827
1 75367
1 87525
1 6433
1 50000
1 61105
1 79198
1 1684
1 57681
1 81056
1 6739
1 64256
1 81061
1 26402
1 39030
1 81870
1 48330
1 21524
1 24344
1 55180
1 80922
1 25219
1 27246
1 3247
1 51925
1 45370
1 21367
1 56610
1 15857
1 41341
1 1720
1 72579
1 94682
2 102323
1 89622
1 35680
1 80916
1 8289
1 3855
1 88022
1 51516
1 25108
1 5267
1 15495
1 18323
1 45169
1 94079
2 137216
1 99388
1 74539
1 67636
1 11696
1 49680
2 123480
1 86404
1 63672
1 44080
1 52767
1 25515
1 3857
1 77339
1 23720
1 9020
2 122723
1 18180
2 60408
1 13950
1 2583
2 105171
3 137459
1 79325
1 91980
1 76646
1 65569
1 50981
1 26919
1 15830
1 59125
1 60529
1 84830
1 12829
1 67906
1 50344
1 89871
1 37319
2 125064
1 26822
1 5195
1 96912
2 116678
1 40941
1 5315
1 32755
1 61736
1 3506
1 28091
1 53034
1 53719
1 38973
1 14274
1 653
1 20743
1 83749
1 5691
1 51737
1 28591
1 17292
1 34659
1 23940
1 66057
1 46746
1 8914
1 6645
1 84244
1 20204
1 52129
1 96943
1 76102
1 79107
1 69451
1 64659
1 57604
1 93910
1 57080
1 98444
1 15428
1 65570
1 2564
1 55324
1 22224
1 53560
1 70487
1 91090
1 63922
1 31687
1 14685
2 103516
1 95210
1 43121
1 92028
1 34817
1 1769
1 58620
1 2371
1 344
1 99010
1 92006
1 6344
1 5155
1 31215
1 86545
1 53989
2 103662
1 6097
1 53800
1 27003
1 40724
1 95306
1 52697
1 8973
1 52767
1 223
1 66732
1 70189
1 36769
1 77466
1 83483
1 71972
1 22081
1 44622
1 85516
1 45662
1 59708
1 52618
2 73765
2 31762
1 18184
2 148781
1 7596
1 83527
2 101459
1 92722
1 83542
1 96350
1 63091
1 38960
1 63295
1 69788
1 56195
1 82575
1 128
1 3614
1 55258
1 85679
1 61066
1 19921
1 46446
2 151995
1 14141
1 58605
1 25085
1 82419
1 45541
1 63931
2 112788
1 38295
1 54184
1 98669
1 57871
1 86649
1 59967
2 62177
1 72951
1 39418
1 60168
1 39261
1 35271
1 89774
1 19060
1 47466
1 93890
1 52626
2 143675
2 127736
1 24763
1 3047
1 8380
1 60525
1 2364
1 84532
1 96331
1 54336
1 95464
1 87403
1 30766
1 31525
2 83870
1 65961
1 86447
1 99170
1 41288
1 3184
2 119642
1 52348
1 91129
1 43508
1 57375
1 96048
1 94578
1 90833
1 68392
1 83099
1 44101
1 80019
1 32164
1 2599
1 99488
1 45649
1 68665
1 53645
1 98806
1 32929
1 54088
1 2427
1 44390
1 33078
1 94397
1 50923
1 91054
1 56767
1 65312
1 26058
1 25601
1 48231
1 4924
1 60502
1 98808
1 65658
1 79391
1 61878
1 73785
1 57294
1 18909
2 117264
1 94176
1 93126
1 70348
1 18181
1 90986
1 52626
1 74810
1 83595
1 74783
1 51841
1 32951
1 45482
2 91323
1 89978
1 56683
1 84482
1 82431
1 13620
1 66877
2 135512
2 95916
1 45750
1 89609
1 31509
1 88307
1 15306
1 7044
1 87623
1 81146
1 91181
1 61259
1 50518
1 16129
1 58933
1 93346
1 47495
1 54832
1 45850
1 48696
1 72243
1 37103
1 30865
1 24261
1 2185
1 84283
1 6401
1 24261
1 1482
1 47261
1 84177
1 2136
1 64866
1 49739
1 279
1 31439
1 81216
1 28849
1 81473
1 78522
1 34464
1 56165
1 99341
1 68127
1 71373
2 74383
1 27449
1 55207
1 53517
1 61665
1 48771
1 30218
1 82844
1 45655
2 70169
1 33550
1 93733
1 79115
1 64171
1 72337
1 31528
1 76727
2 95196
1 60634
1 5090
1 30230
1 20005
1 76019
1 54527
1 38109
1 40665
1 33219
1 69086
1 17525
1 34903
1 76628
1 87756
1 35441
3 79541
1 38897
2 153620
1 61783
1 1793
1 62780
1 64137
1 23967
1 56705
1 55301
1 19491
1 55818
1 47541
1 10668
1 68537
1 22138
2 109293
1 92540
1 92348
1 25150
1 16489
1 60705
1 3117
1 47567
1 9423
1 99684
1 34913
1 57318
1 69842
1 75964
1 59643
1 78530
1 16381
1 60223
1 98529
1 69598
1 78991
1 7563
1 96696
1 18231
1 40326
1 54339
1 37191
1 43823
1 81800
1 84960
1 95759
1 23053
1 12586
1 11429
1 87850
1 12675
2 104480
1 60876
1 44139
1 87069
1 48318
1 88854
1 15798
2 175429
1 7373
1 58870
1 71676
1 67552
1 41693
1 98689
1 14217
1 95264
3 110340
1 5061
2 119545
1 83333
1 90820
1 45815
1 68807
1 33774
1 73260
1 10021
1 14799
1 87635
1 2978
1 70010
1 13450
1 87631
1 56760
1 94659
1 85055
1 43418
1 72947
1 75160
2 83781
1 35307
1 97375
1 96470
1 66876
1 43324
1 67741
1 56821
1 55771
1 58256
1 17301
1 47486
1 36818
1 4158
1 665
1 78865
1 63597
1 97991
1 63470
1 20342
1 62522
1 44774
1 68085
1 54825
1 16607
1 11108
1 78285
1 54195
2 177570
1 55154
2 77485
1 3789
1 72484
1 79842
1 31156
1 59599
1 33333
2 50571
1 41509
1 78469
1 22619
1 42447
1 649
1 341
1 41924
1 26283
1 50331
1 40658
2 64375
1 7013
2 35898
1 22851
1 80062
1 25781
3 215861
1 44980
1 38280
1 55730
1 98872
2 130109
1 70883
1 67985
1 50326
1 24217
1 71280
2 157052
1 87439
1 52897
3 163249
1 32017
1 49003
1 80576
1 85711
2 111277
2 54377
1 2398
1 91448
1 95338
1 1299
1 17371
2 80568
1 36816
1 83568
1 27768
1 53028
2 77081
1 93836
1 73754
1 59057
1 35066
1 86365
1 58230
2 52658
1 58720
2 172028
1 1744
1 3605
1 27789
1 45852
1 14494
1 83589
1 40820
1 3980
1 33135
1 61361
1 28744
1 11538
1 66822
1 14714
1 94092
1 51854
1 51612
1 35959
1 28426
2 122725
2 70453
1 88038
1 64652
2 123506
1 19432
1 34232
1 52181
1 68098
1 19813
1 37221
2 43531
1 98800
1 43113
1 8270
1 14935
1 63030
2 183926
1 51615
1 30237
2 158142
1 74722
1 98019
1 45727
1 93567
1 53610
2 73513
1 2798
2 164488
1 14051
1 74399
1 99582
1 22035
1 92693
1 80380
2 102807
1 43791
1 5023
1 50648
1 21898
1 31386
1 87193
1 78758
1 96976
2 116737
1 206
1 92317
1 48210
1 51536
1 95451
1 1473
1 53701
1 27615
1 7947
1 66880
1 15097
2 80503
1 17728
1 25438
2 56192
1 38461
1 83730
1 25248
1 85695
1 54796
2 107920
1 38183
1 50725
1 65683
1 99109
1 60839
1 94905
1 47027
1 21484
1 33803
2 37741
1 29061
1 94964
1 22378
1 65754
1 11586
1 54101
1 72335
1 43608
1 19711
1 9752
3 214508
1 62926
1 4070
2 76455
1 93044
1 87016
1 43063
1 83092
1 11211
1 47570
1 70732
1 85253
1 45811
1 29582
1 56923
1 42734
1 37750
1 12400
2 178100
1 26236
1 14493
1 92800
1 25066
1 28777
1 75871
1 64856
1 75784
1 93481
1 1342
1 21911
1 34107
1 36925
2 80227
1 60666
1 81767
1 11498
1 79147
1 67115
1 43872
1 79137
1 65047
1 40833
1 98324
1 45947
2 130399
1 13948
1 34231
1 26725
1 12954
1 96669
1 41926
1 79416
1 88673
2 79367
1 12001
1 42588
1 11796
1 31101
1 44566
1 82856
1 31138
1 21282
1 73031
1 81395
3 122835
1 64622
1 49904
1 6636
1 2174
1 97493
1 50710
2 72213
1 90564
1 99239
1 75446
1 4692
1 86272
1 6374
1 40393
1 56684
1 41989
1 34501
2 97801
1 12663
1 72573
1 92382
1 83107
1 71844
1 59526
1 82746
2 120143
1 25749
1 77930
1 43658
1 57053
1 81429
1 61945
1 21065
1 74592
1 27365
1 85785
1 59512
1 96145
2 30642
1 40081
1 21513
1 29471
1 98547
1 98650
1 41736
1 26258
2 103441
2 154891
1 75983
1 9549
1 65611
1 43243
1 58515
1 95572
1 86945
2 86461
1 22808
1 51642
1 2602
1 87432
1 47734
1 87553
1 9256
1 42380
1 56085
1 18189
1 75447
1 63869
1 17808
1 44799
1 78477
1 75449
1 23211
1 59960
1 64378
1 2168
1 20016
1 29948
1 66207
1 75703
1 72580
1 39256
3 83505
1 98907
1 79504
1 77411
1 64791
2 120446
1 10205
1 30861
1 91406
1 78334
1 40013
1 97968
1 16148
1 18607
1 35251
1 69537
2 87060
1 9024
1 12648
1 30728
1 30666
1 11576
2 136200
1 30573
1 33451
1 36605
1 96483
3 101272
1 4492
1 26472
1 90503
2 158960
1 89064
1 1462
1 52748
1 54961
2 96234
1 25259
1 8980
1 3764
2 83729
1 57319
1 58748
1 55347
2 85538
1 39002
1 97175
1 22231
1 755
1 53902
1 51045
1 36168
1 92158
1 64432
1 70363
1 34113
1 67850
1 43761
2 159903
1 42959
1 97862
2 40388
1 34628
1 27092
1 23071
1 56334
1 77337
1 21581
1 89282
1 49514
1 79464
1 88442
1 36984
1 53740
1 69691
1 92371
1 29045
1 47205
2 86410
1 17673
1 52490
1 12425
1 76941
1 80560
1 78784
1 25874
2 190923
1 7153
1 30402
1 93829
2 116487
1 62788
1 3558
1 49359
1 44374
1 30282
1 41196
2 140049
2 81434
1 30883
1 54522
2 159523
1 89003
1 55797
1 13742
1 23506
1 4597
1 46278
2 174777
1 46417
1 32354
2 112089
1 82876
2 69216
1 150
1 57953
1 42206
1 2084
1 94142
1 87246
1 22309
1 77820
1 65729
1 82437
1 6357
2 4577
1 15050
1 68259
1 12261
1 19038
1 67308
1 79291
1 19883
1 9275
1 36344
1 60010
3 117413
1 37121
1 25451
2 77985
1 47876
1 37889
2 113306
1 66289
1 96971
2 87542
2 94360
1 39827
2 100579
1 15699
1 68869
1 17608
2 57415
1 86024
1 32002
1 72655
1 48683
1 51879
1 85291
1 135
1 18278
1 58830
2 92811
1 51970
2 100368
1 74036
1 63237
1 43585
1 26067
1 89681
1 27017
1 56680
1 33479
1 73649
1 99488
1 62790
1 13488
1 85770
1 77611
1 63937
1 779
1 47971
1 72772
1 98280
1 28586
1 53053
1 79357
1 42506
1 24642
1 43589
1 95442
1 12512
1 99896
1 42034
1 39704
1 24478
1 83840
1 10050
1 40838
2 42151
1 46757
1 79712
1 44476
1 68009
1 38094
1 61562
1 7523
1 89242
1 53704
1 45782
2 117389
1 36292
1 43137
1 56020
1 19999
1 95997
1 12047
2 136883
1 58485
1 9714
1 52018
1 47941
1 32481
1 19621
2 106607
1 80947
2 45015
1 36009
1 38290
1 95652
1 352
1 42971
1 96848
2 159110
1 25504
1 547
2 154866
1 43868
1 44502
1 24321
1 77763
1 52720
1 37353
1 88534
1 94043
1 12533
1 56664
1 68818
1 43468
1 18223
1 31133
1 11381
1 69885
1 49344
1 61785
1 21975
1 40446
1 37691
2 144214
1 63875
1 30497
1 9605
1 75862
1 11475
1 19044
1 90162
1 75796
1 19248
1 55758
3 90816
1 40449
1 46314
1 77433
1 95624
1 12087
1 11796
1 96551
1 55818
1 87123
1 71212
1 48258
1 23855
1 15074
