70
795 762 899 989 789 225 22 153 533 911 751 907 21 535 448 641 334 475 269 395 511 78 83 960 168 958 673 987 438 317 672 923 769 260 912 557 175 934 401 708 534 151 304 555 376 752 886 400 917 155 485 117 233 258 768 92 215 440 78 343 757 440 266 525 390 868 773 255 491 864 
27
715 705 958 269 771 400 845 170 316 1000 345 124 924 603 892 15 508 331 784 852 778 915 808 302 304 365 765 
39
856 318 904 570 713 551 529 483 951 373 653 958 373 688 81 987 290 663 1 799 994 475 340 461 389 147 453 384 512 218 634 57 226 227 317 940 778 846 422 
45
909 766 66 972 453 147 958 744 500 959 542 493 434 882 954 823 719 406 206 921 314 530 668 541 757 985 170 225 830 592 644 428 47 710 400 501 547 357 935 46 6 166 229 440 738 
6
953 146 969 850 66 283 
84
424 514 827 408 684 51 928 966 385 355 704 785 755 204 331 803 829 67 809 685 296 939 422 168 891 258 136 430 14 109 500 438 313 16 846 687 758 773 653 142 818 356 927 263 250 948 65 769 14 874 453 0 812 565 859 392 823 685 823 527 795 12 965 798 28 810 485 786 272 828 618 89 874 234 352 814 181 107 582 886 671 725 576 482 
83
434 565 492 809 77 18 603 89 983 91 808 482 576 593 754 93 901 533 967 134 576 780 5 683 51 581 354 466 156 526 445 280 781 937 88 858 645 382 637 627 473 444 108 739 727 552 832 317 84 488 451 660 267 146 33 8 727 387 474 573 603 919 543 384 545 632 932 189 704 569 506 867 703 304 605 120 856 126 437 630 614 579 981 
69
725 13 579 142 90 52 715 693 661 258 76 205 580 8 84 283 267 590 840 970 894 134 89 439 260 217 68 564 796 48 134 520 61 403 662 151 145 67 535 806 15 611 701 595 309 785 568 576 64 407 236 648 541 15 86 491 232 845 54 27 894 879 238 645 281 900 487 426 657 
87
922 672 322 622 266 322 96 524 898 851 931 824 498 161 840 274 652 71 118 396 99 702 274 27 347 245 617 524 361 274 545 973 946 557 284 903 879 380 426 467 230 47 290 418 208 129 692 551 892 811 947 681 512 912 708 549 847 324 72 899 598 307 561 234 865 846 136 433 916 252 900 146 299 881 254 198 9 947 439 591 447 75 271 649 677 979 198 
91
303 961 112 591 268 363 825 823 208 651 946 124 904 846 961 893 416 214 781 115 851 219 707 297 295 978 947 662 647 835 876 950 795 678 230 753 41 55 265 249 706 211 63 299 747 23 192 162 929 973 277 779 883 674 767 868 652 713 529 298 237 95 938 31 773 167 475 504 222 740 444 619 951 507 918 387 221 109 549 840 773 517 618 345 190 74 212 532 787 431 830 
18
526 457 436 299 625 911 493 537 650 937 155 291 134 73 678 355 873 918 
79
335 434 502 680 314 577 892 847 53 323 366 768 539 824 203 528 448 804 21 985 453 648 831 434 782 594 803 827 466 720 711 492 844 904 171 157 480 754 694 223 767 60 681 305 574 574 834 21 377 545 696 521 192 526 645 975 119 447 491 276 166 202 768 700 105 629 858 275 382 241 498 839 992 870 144 565 443 668 276 
49
212 663 722 94 879 366 759 999 814 250 965 670 142 422 370 247 50 227 212 123 158 400 652 150 269 796 405 403 153 682 914 55 34 325 150 913 691 599 601 504 849 565 174 991 677 544 928 418 461 
97
231 309 540 883 149 499 369 555 902 522 927 505 268 961 830 108 873 521 707 164 715 246 729 579 927 96 813 855 514 964 684 745 273 223 627 422 723 996 667 314 208 283 820 476 934 649 584 497 860 981 661 575 226 79 844 153 175 657 698 689 620 381 123 583 605 441 696 17 436 52 331 334 336 841 810 269 490 83 766 349 755 116 614 981 196 458 824 371 805 521 751 424 903 564 698 197 4 
5
905 131 135 926 465 
97
767 966 431 256 739 887 295 493 3 600 164 890 57 988 951 862 199 391 976 792 956 363 989 650 446 583 781 582 508 937 743 274 902 864 220 330 441 206 824 444 806 678 23 553 355 974 414 554 365 79 345 10 133 23 660 579 606 441 851 114 377 284 78 969 147 299 298 588 195 812 722 0 489 745 553 845 409 657 88 464 426 434 474 559 457 133 829 63 264 679 868 331 653 946 990 491 935 
100
78 129 790 491 820 970 926 372 504 334 719 592 488 145 25 962 394 173 786 222 927 49 592 794 71 244 429 60 735 54 38 504 874 829 685 384 488 610 756 992 635 165 583 122 310 299 775 704 472 560 927 398 299 208 882 370 142 0 121 878 745 159 71 309 678 446 693 165 746 138 156 380 303 740 193 613 729 658 7 200 217 624 288 206 832 860 267 974 860 388 541 295 237 302 604 916 748 987 771 494 
75
928 564 428 357 447 731 85 104 428 976 11 51 263 909 573 122 175 237 672 253 468 967 490 461 260 95 208 246 867 392 61 484 647 179 531 784 600 306 889 28 281 590 770 234 498 33 46 363 270 408 616 428 65 797 889 325 892 788 262 448 179 13 622 516 192 152 300 792 148 879 820 119 468 280 43 
2
313 89 
0
